430
1638
1 2 80
1 21 317
2 1 80
2 22 300
3 25 96
3 38 236
4 5 97
4 38 86
4 52 237
5 4 97
5 6 73
5 8 145
6 5 73
6 7 76
7 6 76
7 8 173
8 5 145
8 7 173
8 9 77
8 52 163
8 53 106
9 8 77
9 10 81
9 54 176
10 9 81
10 11 82
10 55 176
11 10 82
11 12 80
11 56 173
12 11 80
12 13 84
12 57 171
13 12 84
13 14 77
13 58 175
14 13 77
14 15 81
15 14 81
15 16 80
16 15 80
16 17 81
16 61 174
17 16 81
17 18 78
17 62 172
18 17 78
18 19 80
18 63 172
19 18 80
19 64 169
20 21 82
20 27 278
20 31 105
21 20 82
21 1 317
21 22 80
21 33 232
22 2 300
22 23 80
22 34 231
22 21 80
23 22 80
23 24 76
23 35 236
24 23 76
24 25 78
24 36 233
25 24 78
25 37 236
25 3 96
26 27 82
26 39 190
27 26 82
27 40 184
27 28 80
27 20 278
28 27 80
28 41 186
28 29 83
28 31 190
29 28 83
29 42 187
29 30 66
29 32 83
30 29 66
30 32 103
30 45 130
30 43 185
31 20 105
31 28 190
31 32 129
32 31 129
32 29 83
32 30 103
32 33 84
33 32 84
33 21 232
33 34 79
33 46 236
34 22 231
34 33 79
34 47 237
34 35 78
35 23 236
35 34 78
35 48 237
35 36 77
36 24 233
36 35 77
36 37 82
36 49 238
37 25 236
37 36 82
37 38 95
37 50 236
38 3 236
38 37 95
38 51 237
38 4 86
39 26 190
39 40 78
39 65 140
40 27 184
40 39 78
40 41 85
40 66 145
41 28 186
41 40 85
41 67 145
41 42 82
42 29 187
42 41 82
42 43 77
42 68 141
43 30 185
43 42 77
43 69 146
43 44 94
44 43 94
44 45 79
44 70 150
44 72 111
45 30 130
45 44 79
45 46 88
46 33 236
46 45 88
46 47 77
46 75 237
47 34 237
47 46 77
47 48 78
47 76 237
48 35 237
48 47 78
48 77 233
48 49 81
49 36 238
49 48 81
49 50 77
49 78 237
50 37 236
50 49 77
50 51 96
50 82 176
51 38 237
51 50 96
51 52 88
51 83 111
52 4 237
52 51 88
52 53 95
52 83 141
52 81 234
53 8 106
53 52 95
53 54 84
54 53 84
54 55 97
54 84 177
55 10 176
55 54 97
55 84 158
55 56 77
56 11 173
56 55 77
56 57 83
56 85 175
57 12 171
57 56 83
57 58 80
57 86 173
58 13 175
58 57 80
58 59 79
58 87 168
59 58 79
59 60 82
59 88 172
60 59 82
60 61 80
60 89 173
61 16 174
61 60 80
61 62 81
61 90 173
62 17 172
62 61 81
62 63 78
62 91 173
63 18 172
63 62 78
63 64 79
63 92 173
64 19 169
64 63 79
64 93 176
65 39 140
65 66 82
65 95 172
66 40 145
66 65 82
66 67 83
66 96 170
67 41 145
67 66 83
67 68 79
67 97 169
68 42 141
68 67 79
68 69 80
68 98 174
69 43 146
69 68 80
69 70 79
69 99 172
70 44 150
70 69 79
70 71 84
70 100 171
71 72 65
71 70 84
71 74 77
71 101 177
72 44 111
72 71 65
72 73 51
73 72 51
73 74 58
73 75 84
74 73 58
74 71 77
74 102 153
74 103 165
75 46 237
75 73 84
75 76 77
75 104 151
76 47 237
76 75 77
76 77 79
76 105 98
77 48 233
77 76 79
77 78 76
77 108 243
78 49 237
78 77 76
78 79 83
78 105 181
78 109 243
79 82 65
79 78 83
79 80 94
79 110 238
80 83 129
80 79 94
80 81 91
80 111 239
81 52 234
81 80 91
81 84 101
81 112 241
82 50 176
82 79 65
82 78 104
82 83 115
83 51 111
83 52 141
83 82 115
83 80 129
84 54 177
84 55 158
84 81 101
84 85 97
84 113 215
85 56 175
85 84 97
85 86 83
85 113 172
86 57 173
86 85 83
86 87 78
86 114 176
87 58 168
87 86 78
87 88 81
87 115 175
88 59 172
88 87 81
88 89 79
88 116 175
89 60 173
89 88 79
89 90 81
89 117 175
90 61 173
90 89 81
90 91 81
90 118 175
91 62 173
91 90 81
91 92 75
91 119 173
92 63 173
92 91 75
92 93 83
92 120 172
93 64 176
93 92 83
93 94 81
93 121 173
94 93 81
94 112 829
95 65 172
95 96 80
95 123 213
96 66 170
96 95 80
96 97 80
96 124 193
97 67 169
97 96 80
97 98 81
97 125 184
98 68 174
98 97 81
98 99 82
98 126 183
99 69 172
99 98 82
99 100 79
99 127 183
100 70 171
100 99 79
100 101 83
100 128 187
101 71 177
101 100 83
101 102 82
101 129 186
102 74 153
102 101 82
102 103 79
102 130 201
103 104 126
103 74 165
103 102 79
103 130 230
103 131 218
103 133 129
103 137 132
103 106 98
104 75 151
104 103 126
104 105 92
104 106 89
105 76 98
105 104 92
105 78 181
105 107 143
106 104 89
106 103 98
106 137 77
106 107 76
107 105 143
107 106 76
107 138 148
107 108 78
108 77 243
108 107 78
108 139 232
108 109 78
109 78 243
109 108 78
109 140 232
109 110 79
110 79 238
110 109 79
110 142 233
110 111 99
111 80 239
111 110 99
111 143 234
111 112 91
112 81 241
112 111 91
112 113 95
112 144 236
113 84 215
113 85 172
113 112 95
113 114 73
113 145 131
114 86 176
114 113 73
114 115 80
114 145 114
115 87 175
115 114 80
115 116 79
115 148 175
116 88 175
116 115 79
116 117 79
116 149 173
117 89 175
117 116 79
117 118 81
117 150 171
118 90 175
118 117 81
118 119 82
118 151 172
119 91 173
119 118 82
119 120 76
119 152 173
120 92 172
120 119 76
120 121 82
120 153 175
121 93 173
121 120 82
121 122 80
121 154 175
122 94 170
122 121 80
123 95 213
123 124 80
123 219 198
124 96 193
124 123 80
124 220 216
124 125 83
125 97 184
125 124 83
125 221 228
125 126 83
126 98 183
126 125 83
126 222 225
126 127 77
127 99 183
127 126 77
127 223 224
127 128 82
128 100 187
128 127 82
128 224 224
128 129 82
129 101 186
129 128 82
129 225 223
129 130 79
130 102 201
130 129 79
130 225 221
130 103 230
130 131 80
131 103 218
131 130 80
131 227 206
131 132 86
132 133 119
132 131 86
132 228 207
132 183 261
132 134 71
133 103 129
133 132 119
133 134 121
134 133 121
134 132 71
134 182 238
134 135 88
135 137 158
135 134 88
135 181 240
135 136 79
136 138 86
136 135 79
136 180 238
136 139 78
137 106 77
137 103 132
137 135 158
137 138 109
138 107 148
138 137 109
138 136 86
138 139 113
139 108 232
139 138 113
139 136 78
139 179 244
139 140 78
139 141 98
140 109 232
140 139 78
140 141 57
140 142 78
141 140 57
141 139 98
141 178 183
141 161 107
142 110 233
142 140 78
142 161 133
142 143 98
143 111 234
143 142 98
143 162 216
143 144 86
144 112 236
144 143 86
144 163 305
144 146 104
145 113 131
145 114 114
145 146 72
146 145 72
146 144 104
146 148 55
146 147 90
147 146 90
147 148 80
147 160 136
148 115 175
148 146 55
148 147 80
148 149 77
149 116 173
149 148 77
149 160 184
149 150 79
150 117 171
150 149 79
150 159 187
150 151 83
151 118 172
151 150 83
151 158 190
151 152 80
152 119 173
152 151 80
152 157 187
152 153 80
153 120 175
153 152 80
153 156 190
153 154 80
154 121 175
154 153 80
154 155 187
155 154 187
155 156 80
155 168 175
156 155 80
156 153 190
156 157 76
157 152 187
157 156 76
157 158 83
158 151 190
158 157 83
158 165 173
158 159 81
159 150 187
159 158 81
159 164 176
159 160 80
160 147 136
160 149 184
160 159 80
160 164 190
161 142 133
161 141 107
161 177 108
161 162 124
162 143 216
162 161 124
162 177 94
162 175 260
162 163 130
163 144 305
163 162 130
163 174 170
163 164 128
164 160 190
164 159 176
164 163 128
164 165 89
164 173 187
165 158 173
165 164 89
165 172 98
165 166 85
166 157 175
166 165 85
166 171 255
166 167 76
167 166 76
167 168 81
167 170 200
168 167 81
168 155 175
168 169 156
169 168 156
169 170 89
170 167 200
170 169 89
170 171 112
171 172 205
171 166 255
171 170 112
171 197 116
172 173 94
172 165 98
172 171 205
173 164 187
173 174 138
173 172 94
174 163 170
174 175 88
174 197 207
174 173 138
175 162 260
175 174 88
175 176 97
175 198 205
176 177 236
176 196 76
176 175 97
176 199 206
177 161 108
177 162 94
177 176 236
177 178 78
178 141 183
178 177 78
178 196 233
178 179 80
179 139 244
179 178 80
179 195 235
179 180 78
180 136 238
180 179 78
180 194 238
180 181 77
181 135 240
181 180 77
181 193 233
181 182 86
182 134 238
182 181 86
182 192 237
182 183 84
183 132 261
183 182 84
183 191 238
183 184 82
184 228 98
184 183 82
184 190 237
184 185 89
185 228 114
185 184 89
185 189 241
185 186 119
186 185 119
186 229 87
186 187 175
186 188 146
187 186 175
187 188 104
187 245 85
188 186 146
188 189 81
188 208 77
188 187 104
189 185 241
189 190 77
189 207 205
189 188 81
190 184 237
190 191 81
190 206 206
190 189 77
191 183 238
191 192 82
191 205 209
191 190 81
192 182 237
192 193 85
192 204 208
192 191 82
193 181 233
193 194 79
193 203 210
193 192 85
194 180 238
194 195 77
194 202 204
194 193 79
195 179 235
195 196 81
195 201 207
195 194 77
196 178 233
196 176 76
196 200 209
196 195 81
197 171 116
197 174 207
197 198 87
198 197 87
198 175 205
198 199 94
199 176 206
199 198 94
199 200 78
200 196 209
200 199 78
200 201 80
200 212 236
201 195 207
201 200 80
201 202 78
202 194 204
202 201 78
202 203 80
202 210 240
203 193 210
203 202 80
203 204 83
204 192 208
204 203 83
204 205 85
204 209 234
205 191 209
205 204 85
205 206 79
206 190 206
206 205 79
206 207 78
207 189 205
207 206 78
208 188 77
209 204 234
209 210 104
210 202 240
210 209 104
210 211 115
211 210 115
211 212 77
212 200 236
212 211 77
212 213 77
212 216 239
213 212 77
213 214 97
213 217 237
214 213 97
214 215 89
214 218 240
215 214 89
216 212 239
216 217 79
217 213 237
217 216 79
217 218 97
218 214 240
218 217 97
218 214 240
218 217 97
219 123 198
219 220 77
219 237 215
220 124 216
220 219 77
220 236 216
220 221 82
221 125 228
221 220 82
221 235 213
221 222 83
222 126 225
222 221 83
222 234 215
222 223 79
223 127 224
223 222 79
223 233 218
223 224 83
224 128 224
224 223 83
224 232 213
224 225 82
225 129 223
225 224 82
225 232 231
225 231 216
225 226 77
225 130 221
226 225 77
226 227 79
226 230 212
227 226 79
227 131 206
227 228 83
227 229 215
228 227 83
228 132 207
228 184 98
228 185 114
229 227 215
229 186 87
229 245 208
229 230 75
230 229 75
230 226 212
230 231 79
231 225 216
231 230 79
231 244 208
231 232 80
232 225 231
232 231 80
232 243 210
232 242 225
232 233 86
232 224 213
233 223 218
233 232 86
233 242 206
233 234 77
234 222 215
234 233 77
234 241 210
234 235 85
235 221 213
235 234 85
235 240 209
235 236 79
236 220 216
236 235 79
236 239 207
236 237 77
237 219 215
237 236 77
237 238 207
238 237 207
238 239 77
239 236 207
239 238 77
239 240 83
240 235 209
240 239 83
240 241 85
241 234 210
241 240 85
241 242 76
242 233 206
242 241 76
242 243 83
242 232 225
243 232 210
243 242 83
243 244 82
244 231 208
244 243 82
244 245 156
245 229 208
245 244 156
245 187 85
246 238 87
238 246 87
246 239 164
239 246 164
247 238 108
238 247 108
247 237 114
237 247 114
248 237 110
237 248 110
248 219 116
219 248 116
249 219 66
219 249 66
249 220 136
220 249 136
250 123 35
123 250 35
250 124 115
124 250 115
251 95 36
95 251 36
251 96 108
96 251 108
252 65 27
65 252 27
252 66 93
66 252 93
253 39 7
39 253 7
253 40 73
40 253 73
254 26 22
26 254 22
254 27 63
27 254 63
255 20 140
20 255 140
255 31 145
31 255 145
256 20 58
20 256 58
256 21 105
21 256 105
257 1 99
1 257 99
257 1 99
1 257 99
258 2 63
2 258 63
258 1 122
1 258 122
259 240 78
240 259 78
259 241 98
241 259 98
260 241 96
241 260 96
260 240 107
240 260 107
261 234 41
234 261 41
261 235 69
235 261 69
262 221 35
221 262 35
262 222 49
222 262 49
263 126 49
126 263 49
263 127 82
127 263 82
264 98 43
98 264 43
264 99 44
99 264 44
265 69 17
69 265 17
265 68 71
68 265 71
266 43 60
43 266 60
266 42 61
42 266 61
267 30 36
30 267 36
267 29 71
29 267 71
268 33 70
33 268 70
268 30 98
30 268 98
269 35 81
35 269 81
269 34 105
34 269 105
270 24 18
24 270 18
270 25 77
25 270 77
271 25 155
25 271 155
271 3 163
3 271 163
272 244 108
244 272 108
272 243 143
243 272 143
273 244 71
244 273 71
273 243 129
243 273 129
274 230 28
230 274 28
274 231 50
231 274 50
275 226 28
226 275 28
275 225 71
225 275 71
276 130 18
130 276 18
276 129 61
129 276 61
277 130 92
130 277 92
277 102 109
102 277 109
278 74 63
74 278 63
278 102 97
102 278 97
279 75 12
75 279 12
279 76 67
76 279 67
280 76 109
76 280 109
280 77 123
77 280 123
281 49 38
49 281 38
281 50 39
50 281 39
282 37 37
37 282 37
282 38 91
38 282 91
283 4 74
4 283 74
283 38 77
38 283 77
284 6 162
6 284 162
284 3 171
3 284 171
285 208 153
208 285 153
285 187 154
187 285 154
286 188 30
188 286 30
286 208 55
208 286 55
287 190 97
190 287 97
287 189 104
189 287 104
288 183 23
183 288 23
288 184 71
184 288 71
289 134 78
134 289 78
289 135 119
135 289 119
290 135 28
135 290 28
290 134 65
134 290 65
291 108 62
108 291 62
291 107 77
107 291 77
292 109 47
109 292 47
292 110 74
110 292 74
293 79 39
79 293 39
293 80 64
80 293 64
294 81 78
81 294 78
294 83 78
83 294 78
295 53 26
53 295 26
295 52 72
52 295 72
296 8 35
8 296 35
296 9 61
9 296 61
297 7 89
7 297 89
297 6 163
6 297 163
298 207 146
207 298 146
298 206 158
206 298 158
299 205 30
205 299 30
299 206 53
206 299 53
300 192 48
192 300 48
300 191 97
191 300 97
301 193 49
193 301 49
301 194 69
194 301 69
302 179 89
179 302 89
302 180 115
180 302 115
303 161 50
161 303 50
303 178 94
178 303 94
304 142 52
142 304 52
304 143 69
143 304 69
305 144 31
144 305 31
305 143 89
143 305 89
306 113 36
113 306 36
306 112 59
112 306 59
307 86 31
86 307 31
307 85 58
85 307 58
308 57 14
57 308 14
308 58 77
58 308 77
309 12 43
12 309 43
309 13 84
13 309 84
310 13 154
13 310 154
310 12 158
12 310 158
311 209 66
209 311 66
311 210 148
210 311 148
312 210 28
210 312 28
312 209 106
209 312 106
313 201 59
201 313 59
313 202 95
202 313 95
314 200 58
200 314 58
314 199 84
199 314 84
315 175 34
175 315 34
315 176 64
176 315 64
316 163 39
163 316 39
316 164 93
164 316 93
317 160 84
160 317 84
317 163 96
163 317 96
318 149 27
149 318 27
318 150 61
150 318 61
319 117 60
117 319 60
319 116 68
116 319 68
320 89 75
89 320 75
320 88 87
88 320 87
321 90 80
90 321 80
321 61 93
61 321 93
322 16 37
16 322 37
322 15 67
15 322 67
323 16 92
16 323 92
323 17 110
17 323 110
324 216 106
216 324 106
324 217 178
217 324 178
325 216 103
216 325 103
325 217 122
217 325 122
326 214 53
214 326 53
326 213 64
213 326 64
327 215 101
215 327 101
327 214 122
214 327 122
328 171 21
171 328 21
328 197 96
197 328 96
329 173 89
173 329 89
329 172 90
172 329 90
330 167 50
167 330 50
330 166 59
166 330 59
331 156 23
156 331 23
331 157 55
157 331 55
332 154 41
154 332 41
332 153 84
153 332 84
333 121 24
121 333 24
333 120 76
120 333 76
334 93 71
93 334 71
334 64 105
64 334 105
335 64 11
64 335 11
335 63 90
63 335 90
336 19 82
19 336 82
336 18 158
18 336 158
337 239 22
239 337 22
337 238 64
238 337 64
338 236 31
236 338 31
338 235 62
235 338 62
339 220 63
220 339 63
339 221 93
221 339 93
340 221 105
221 340 105
340 220 112
220 340 112
341 124 43
124 341 43
341 125 64
125 341 64
342 97 57
97 342 57
342 96 95
96 342 95
343 41 77
41 343 77
343 67 82
67 343 82
344 41 55
41 344 55
344 42 82
42 344 82
345 32 39
32 345 39
345 29 56
29 345 56
346 31 42
31 346 42
346 20 71
20 346 71
347 22 26
22 347 26
347 21 76
21 347 76
348 2 149
2 348 149
348 23 185
23 348 185
349 242 39
242 349 39
349 243 46
243 349 46
350 232 24
232 350 24
350 231 82
231 350 82
351 224 72
224 351 72
351 223 102
223 351 102
352 224 30
224 352 30
352 225 75
225 352 75
353 128 23
128 353 23
353 129 71
129 353 71
354 100 42
100 354 42
354 101 56
101 354 56
355 72 14
72 355 14
355 73 60
73 355 60
356 44 30
44 356 30
356 72 92
72 356 92
357 47 84
47 357 84
357 46 106
46 357 106
358 35 35
35 358 35
358 36 43
36 358 43
359 37 103
37 359 103
359 36 119
36 359 119
360 3 37
3 360 37
360 25 59
25 360 59
361 187 43
187 361 43
361 245 54
245 361 54
362 186 73
186 362 73
362 229 74
229 362 74
363 185 24
185 363 24
363 186 110
186 363 110
364 228 68
228 364 68
364 227 83
227 364 83
365 132 17
132 365 17
365 134 67
134 365 67
366 106 54
106 366 54
366 103 56
103 366 56
367 105 68
105 367 68
367 107 90
107 367 90
368 77 32
77 368 32
368 78 56
78 368 56
369 82 38
82 369 38
369 79 102
79 369 102
370 51 26
51 370 26
370 52 62
52 370 62
371 4 108
4 371 108
371 8 126
8 371 126
372 6 35
6 372 35
372 5 49
5 372 49
373 207 43
207 373 43
373 208 117
208 373 117
374 190 58
190 374 58
374 189 89
189 374 89
375 191 77
191 375 77
375 192 95
192 375 95
376 181 41
181 376 41
376 182 50
182 376 50
377 180 100
180 377 100
377 181 129
181 377 129
378 139 36
139 378 36
378 140 42
140 378 42
379 109 93
109 379 93
379 110 101
110 379 101
380 111 23
111 380 23
380 112 78
112 380 78
381 81 58
81 381 58
381 84 75
84 381 75
382 84 32
84 382 32
382 81 99
81 382 99
383 10 66
10 383 66
383 11 100
11 383 100
384 10 95
10 384 95
384 11 114
11 384 114
385 209 64
209 385 64
385 210 162
210 385 162
386 204 30
204 386 30
386 203 56
203 386 56
387 202 85
202 387 85
387 201 115
201 387 115
388 195 23
195 388 23
388 196 59
196 388 59
389 177 90
177 389 90
389 178 115
178 389 115
390 162 38
162 390 38
390 163 121
163 390 121
391 144 62
144 391 62
391 147 78
147 391 78
392 146 6
146 392 6
392 148 61
148 392 61
393 115 45
115 393 45
393 114 90
114 393 90
394 87 28
87 394 28
394 88 53
88 394 53
395 59 40
59 395 40
395 58 44
58 395 44
396 14 39
14 396 39
396 15 72
15 396 72
397 216 132
216 397 132
397 211 164
211 397 164
398 211 20
211 398 20
398 212 59
212 398 59
399 199 106
199 399 106
399 200 130
200 399 130
400 198 54
198 400 54
400 197 97
197 400 97
401 174 61
174 401 61
401 172 78
172 401 78
402 165 35
165 402 35
402 164 55
164 402 55
403 158 11
158 403 11
403 159 83
159 403 83
404 151 14
151 404 14
404 150 69
150 404 69
405 118 32
118 405 32
405 119 49
119 405 49
406 91 28
91 406 28
406 90 53
90 406 53
407 62 40
62 407 40
407 63 46
63 407 46
408 18 68
18 408 68
408 19 72
19 408 72
409 217 48
217 409 48
409 218 92
218 409 92
410 218 47
218 410 47
410 217 122
217 410 122
411 215 74
215 411 74
411 214 143
214 411 143
412 215 166
215 412 166
412 171 174
171 412 174
413 169 34
169 413 34
413 170 61
170 413 61
414 168 32
168 414 32
414 167 77
167 414 77
415 155 20
155 415 20
415 156 92
156 415 92
416 154 108
154 416 108
416 155 184
155 416 184
417 122 74
122 417 74
417 121 125
121 417 125
418 94 69
94 418 69
418 93 145
93 418 145
419 64 180
64 419 180
419 94 182
94 419 182
420 19 219
19 420 219
420 64 224
64 420 224
421 34 61
34 421 61
421 35 84
35 421 84
422 64 71
64 422 71
422 93 106
93 422 106
423 110 73
110 423 73
423 111 110
111 423 110
424 162 115
162 424 115
424 147 134
147 424 134
425 156 42
156 425 42
425 157 76
157 425 76
426 210 106
210 426 106
426 211 134
211 426 134
427 44 69
44 427 69
427 70 81
70 427 81
428 59 55
59 428 55
428 58 89
58 428 89
429 224 96
224 429 96
429 232 118
232 429 118
430 52 63
52 430 63
430 53 105
53 430 105
